427 167 499 226
496 229 307 390
307 390 228 304
227 304 425 165
425 165 423 222
423 222 234 364
234 364 229 306
236 364 279 407
279 407 297 424
297 424 305 390
297 425 496 270
496 270 499 227
422 222 495 266
361 239 363 277
389 245 389 275
345 280 354 297
354 297 372 297
372 297 397 297
398 297 411 281
726 111 659 240
659 240 561 113
487 104 544 67
487 104 563 146
487 104 558 158
487 104 552 169
487 104 531 181
487 104 453 181
487 104 446 179
487 104 433 176
487 104 425 170
487 104 412 160
487 104 402 151
487 104 396 142
487 104 391 133
487 104 388 124
487 104 388 111
487 104 389 99
487 104 394 84
487 104 399 72
487 104 407 59
487 104 423 49
487 104 441 45
487 104 459 43
487 104 478 43
487 104 492 44
487 104 508 46
487 104 516 51
487 104 527 58
487 104 536 66
487 104 540 71
487 104 544 76
487 104 546 81
487 104 546 86
487 104 546 92
487 104 546 95
487 104 546 99
487 104 546 104
487 104 546 107
487 104 546 110
487 104 546 112
487 104 546 115
487 104 546 117
487 104 545 120
487 104 545 123
487 104 544 126
487 104 543 129
487 104 543 132
487 104 542 133
487 104 541 135
487 104 541 138
487 104 540 141
487 104 539 144
487 104 539 147
487 104 538 149
487 104 536 153
487 104 534 155
487 104 533 157
487 104 532 158
487 104 529 162
487 104 526 165
487 104 524 167
487 104 522 169
487 104 521 171
487 104 519 172
487 104 518 173
487 104 516 174
487 104 516 175
487 104 514 176
487 104 510 178
487 104 507 179
487 104 504 180
487 104 502 181
487 104 500 182
487 104 498 183
487 104 497 184
487 104 494 185
487 104 490 186
487 104 486 187
487 104 483 187
487 104 481 187
487 104 479 187
487 104 477 188
487 104 476 188
487 104 473 188
487 104 471 188
487 104 468 188
487 104 464 188
487 104 462 188
487 104 460 188
487 104 458 187
487 104 457 187
487 104 456 186
487 104 455 185
487 104 453 184
487 104 451 183
487 104 448 182
487 104 445 181
487 104 442 180
487 104 440 179
487 104 437 179
487 104 434 179
487 104 430 178
487 104 427 178
487 104 424 178
487 104 421 176
487 104 419 176
487 104 417 175
487 104 416 173
487 104 414 172
487 104 411 169
487 104 408 166
487 104 406 164
487 104 404 163
487 104 402 161
487 104 399 159
487 104 398 158
487 104 397 156
487 104 396 154
487 104 395 151
487 104 393 147
487 104 391 142
487 104 388 138
487 104 386 135
487 104 384 131
487 104 383 125
487 104 381 118
487 104 379 112
487 104 378 108
487 104 378 103
487 104 378 98
487 104 378 93
487 104 378 89
487 104 379 85
487 104 380 81
487 104 382 77
487 104 385 72
487 104 389 68
487 104 393 63
487 104 398 57
487 104 403 52
487 104 409 48
487 104 415 43
487 104 419 39
487 104 425 35
487 104 431 32
487 104 437 30
487 104 442 29
487 104 449 27
487 104 457 26
487 104 462 26
487 104 464 26
487 104 470 27
487 104 480 29
487 104 487 31
487 104 494 33
487 104 501 35
487 104 508 37
487 104 514 39
487 104 520 40
487 104 528 42
487 104 536 46
487 104 540 50
487 104 543 55
487 104 545 61
487 104 548 69
487 104 551 78
487 104 554 85
487 104 559 92
487 104 562 101
487 104 565 110
487 104 568 124
487 104 572 140
487 104 574 165
487 104 576 192
487 104 571 229
487 104 556 259
487 104 529 273
487 104 488 281
487 104 443 284
487 104 344 284
487 104 258 276
487 104 195 253
487 104 154 216
487 104 141 174
487 104 147 126
487 104 189 80
487 104 238 53
487 104 286 38
487 104 338 36
487 104 389 35
487 104 422 49
487 104 448 71
487 104 476 103
487 104 507 127
487 104 539 142
487 104 582 151
487 104 617 154
487 104 647 163
487 104 681 193
487 104 688 249
487 104 664 295
487 104 611 339
487 104 547 342
487 104 476 342
487 104 437 342
487 104 421 342
487 104 421 342
487 104 421 342
487 104 421 342
487 104 421 342
487 104 421 342
487 104 421 342
422 342 421 342
422 342 421 342
422 342 421 342
422 342 421 342
422 342 421 342
422 342 421 342
422 342 421 342
422 342 421 342
422 342 421 342
422 342 421 342
422 342 421 342
422 342 427 345
422 342 455 357
422 342 488 367
422 342 519 371
422 342 556 369
422 342 581 360
422 342 599 341
422 342 604 327
422 342 606 308
422 342 606 287
422 342 598 260
422 342 580 236
422 342 547 216
422 342 489 204
422 342 430 216
422 342 370 269
422 342 330 348
422 342 339 412
422 342 401 465
422 342 484 469
422 342 589 398
422 342 638 241
422 342 615 174
422 342 615 174
